302 0 301 301
0.0 0.0 0.0
1.2576 0.8888 0.0
2.5152 0.0 0.0
3.7728 0.8888 0.0
5.0304 0.0 0.0
6.288 0.8888 0.0
7.5456 0.0 0.0
8.8032 0.8888 0.0
10.0608 0.0 0.0
11.3184 0.8888 0.0
12.576 0.0 0.0
13.8336 0.8888 0.0
15.0912 0.0 0.0
16.3488 0.8888 0.0
17.6064 0.0 0.0
18.864 0.8888 0.0
20.1216 0.0 0.0
21.3792 0.8888 0.0
22.6368 0.0 0.0
23.8944 0.8888 0.0
25.152 0.0 0.0
26.4096 0.8888 0.0
27.6672 0.0 0.0
28.9248 0.8888 0.0
30.1824 0.0 0.0
31.44 0.8888 0.0
32.6976 0.0 0.0
33.9552 0.8888 0.0
35.2128 0.0 0.0
36.4704 0.8888 0.0
37.728 0.0 0.0
38.9856 0.8888 0.0
40.2432 0.0 0.0
41.5008 0.8888 0.0
42.7584 0.0 0.0
44.016 0.8888 0.0
45.2736 0.0 0.0
46.5312 0.8888 0.0
47.7888 0.0 0.0
49.0464 0.8888 0.0
50.304 0.0 0.0
51.5616 0.8888 0.0
52.8192 0.0 0.0
54.0768 0.8888 0.0
55.3344 0.0 0.0
56.592 0.8888 0.0
57.8496 0.0 0.0
59.1072 0.8888 0.0
60.3648 0.0 0.0
61.6224 0.8888 0.0
62.88 0.0 0.0
64.1376 0.8888 0.0
65.3952 0.0 0.0
66.6528 0.8888 0.0
67.9104 0.0 0.0
69.168 0.8888 0.0
70.4256 0.0 0.0
71.6832 0.8888 0.0
72.9408 0.0 0.0
74.1984 0.8888 0.0
75.456 0.0 0.0
76.7136 0.8888 0.0
77.9712 0.0 0.0
79.2288 0.8888 0.0
80.4864 0.0 0.0
81.744 0.8888 0.0
83.0016 0.0 0.0
84.2592 0.8888 0.0
85.5168 0.0 0.0
86.7744 0.8888 0.0
88.032 0.0 0.0
89.2896 0.8888 0.0
90.5472 0.0 0.0
91.8048 0.8888 0.0
93.0624 0.0 0.0
94.32 0.8888 0.0
95.5776 0.0 0.0
96.8352 0.8888 0.0
98.0928 0.0 0.0
99.3504 0.8888 0.0
100.608 0.0 0.0
101.8656 0.8888 0.0
103.1232 0.0 0.0
104.3808 0.8888 0.0
105.6384 0.0 0.0
106.896 0.8888 0.0
108.1536 0.0 0.0
109.4112 0.8888 0.0
110.6688 0.0 0.0
111.9264 0.8888 0.0
113.184 0.0 0.0
114.4416 0.8888 0.0
115.6992 0.0 0.0
116.9568 0.8888 0.0
118.2144 0.0 0.0
119.472 0.8888 0.0
120.7296 0.0 0.0
121.9872 0.8888 0.0
123.2448 0.0 0.0
124.5024 0.8888 0.0
-0.89 0.6291 0.0
0.0 -0.6291 0.89
0.0 -0.6291 -0.89
1.2576 1.5179 0.89
1.2576 1.5179 -0.89
2.5152 -0.6291 0.89
2.5152 -0.6291 -0.89
3.7728 1.5179 0.89
3.7728 1.5179 -0.89
5.0304 -0.6291 0.89
5.0304 -0.6291 -0.89
6.288 1.5179 0.89
6.288 1.5179 -0.89
7.5456 -0.6291 0.89
7.5456 -0.6291 -0.89
8.8032 1.5179 0.89
8.8032 1.5179 -0.89
10.0608 -0.6291 0.89
10.0608 -0.6291 -0.89
11.3184 1.5179 0.89
11.3184 1.5179 -0.89
12.576 -0.6291 0.89
12.576 -0.6291 -0.89
13.8336 1.5179 0.89
13.8336 1.5179 -0.89
15.0912 -0.6291 0.89
15.0912 -0.6291 -0.89
16.3488 1.5179 0.89
16.3488 1.5179 -0.89
17.6064 -0.6291 0.89
17.6064 -0.6291 -0.89
18.864 1.5179 0.89
18.864 1.5179 -0.89
20.1216 -0.6291 0.89
20.1216 -0.6291 -0.89
21.3792 1.5179 0.89
21.3792 1.5179 -0.89
22.6368 -0.6291 0.89
22.6368 -0.6291 -0.89
23.8944 1.5179 0.89
23.8944 1.5179 -0.89
25.152 -0.6291 0.89
25.152 -0.6291 -0.89
26.4096 1.5179 0.89
26.4096 1.5179 -0.89
27.6672 -0.6291 0.89
27.6672 -0.6291 -0.89
28.9248 1.5179 0.89
28.9248 1.5179 -0.89
30.1824 -0.6291 0.89
30.1824 -0.6291 -0.89
31.44 1.5179 0.89
31.44 1.5179 -0.89
32.6976 -0.6291 0.89
32.6976 -0.6291 -0.89
33.9552 1.5179 0.89
33.9552 1.5179 -0.89
35.2128 -0.6291 0.89
35.2128 -0.6291 -0.89
36.4704 1.5179 0.89
36.4704 1.5179 -0.89
37.728 -0.6291 0.89
37.728 -0.6291 -0.89
38.9856 1.5179 0.89
38.9856 1.5179 -0.89
40.2432 -0.6291 0.89
40.2432 -0.6291 -0.89
41.5008 1.5179 0.89
41.5008 1.5179 -0.89
42.7584 -0.6291 0.89
42.7584 -0.6291 -0.89
44.016 1.5179 0.89
44.016 1.5179 -0.89
45.2736 -0.6291 0.89
45.2736 -0.6291 -0.89
46.5312 1.5179 0.89
46.5312 1.5179 -0.89
47.7888 -0.6291 0.89
47.7888 -0.6291 -0.89
49.0464 1.5179 0.89
49.0464 1.5179 -0.89
50.304 -0.6291 0.89
50.304 -0.6291 -0.89
51.5616 1.5179 0.89
51.5616 1.5179 -0.89
52.8192 -0.6291 0.89
52.8192 -0.6291 -0.89
54.0768 1.5179 0.89
54.0768 1.5179 -0.89
55.3344 -0.6291 0.89
55.3344 -0.6291 -0.89
56.592 1.5179 0.89
56.592 1.5179 -0.89
57.8496 -0.6291 0.89
57.8496 -0.6291 -0.89
59.1072 1.5179 0.89
59.1072 1.5179 -0.89
60.3648 -0.6291 0.89
60.3648 -0.6291 -0.89
61.6224 1.5179 0.89
61.6224 1.5179 -0.89
62.88 -0.6291 0.89
62.88 -0.6291 -0.89
64.1376 1.5179 0.89
64.1376 1.5179 -0.89
65.3952 -0.6291 0.89
65.3952 -0.6291 -0.89
66.6528 1.5179 0.89
66.6528 1.5179 -0.89
67.9104 -0.6291 0.89
67.9104 -0.6291 -0.89
69.168 1.5179 0.89
69.168 1.5179 -0.89
70.4256 -0.6291 0.89
70.4256 -0.6291 -0.89
71.6832 1.5179 0.89
71.6832 1.5179 -0.89
72.9408 -0.6291 0.89
72.9408 -0.6291 -0.89
74.1984 1.5179 0.89
74.1984 1.5179 -0.89
75.456 -0.6291 0.89
75.456 -0.6291 -0.89
76.7136 1.5179 0.89
76.7136 1.5179 -0.89
77.9712 -0.6291 0.89
77.9712 -0.6291 -0.89
79.2288 1.5179 0.89
79.2288 1.5179 -0.89
80.4864 -0.6291 0.89
80.4864 -0.6291 -0.89
81.744 1.5179 0.89
81.744 1.5179 -0.89
83.0016 -0.6291 0.89
83.0016 -0.6291 -0.89
84.2592 1.5179 0.89
84.2592 1.5179 -0.89
85.5168 -0.6291 0.89
85.5168 -0.6291 -0.89
86.7744 1.5179 0.89
86.7744 1.5179 -0.89
88.032 -0.6291 0.89
88.032 -0.6291 -0.89
89.2896 1.5179 0.89
89.2896 1.5179 -0.89
90.5472 -0.6291 0.89
90.5472 -0.6291 -0.89
91.8048 1.5179 0.89
91.8048 1.5179 -0.89
93.0624 -0.6291 0.89
93.0624 -0.6291 -0.89
94.32 1.5179 0.89
94.32 1.5179 -0.89
95.5776 -0.6291 0.89
95.5776 -0.6291 -0.89
96.8352 1.5179 0.89
96.8352 1.5179 -0.89
98.0928 -0.6291 0.89
98.0928 -0.6291 -0.89
99.3504 1.5179 0.89
99.3504 1.5179 -0.89
100.608 -0.6291 0.89
100.608 -0.6291 -0.89
101.8656 1.5179 0.89
101.8656 1.5179 -0.89
103.1232 -0.6291 0.89
103.1232 -0.6291 -0.89
104.3808 1.5179 0.89
104.3808 1.5179 -0.89
105.6384 -0.6291 0.89
105.6384 -0.6291 -0.89
106.896 1.5179 0.89
106.896 1.5179 -0.89
108.1536 -0.6291 0.89
108.1536 -0.6291 -0.89
109.4112 1.5179 0.89
109.4112 1.5179 -0.89
110.6688 -0.6291 0.89
110.6688 -0.6291 -0.89
111.9264 1.5179 0.89
111.9264 1.5179 -0.89
113.184 -0.6291 0.89
113.184 -0.6291 -0.89
114.4416 1.5179 0.89
114.4416 1.5179 -0.89
115.6992 -0.6291 0.89
115.6992 -0.6291 -0.89
116.9568 1.5179 0.89
116.9568 1.5179 -0.89
118.2144 -0.6291 0.89
118.2144 -0.6291 -0.89
119.472 1.5179 0.89
119.472 1.5179 -0.89
120.7296 -0.6291 0.89
120.7296 -0.6291 -0.89
121.9872 1.5179 0.89
121.9872 1.5179 -0.89
123.2448 -0.6291 0.89
123.2448 -0.6291 -0.89
125.3924 1.5179 0.0
124.5024 0.25970000000000004 0.89
124.5024 0.25970000000000004 -0.89