62 0 61 61
0.0 0.0 0.0
1.2576 0.8888 0.0
2.5152 0.0 0.0
3.7728 0.8888 0.0
5.0304 0.0 0.0
6.288 0.8888 0.0
7.5456 0.0 0.0
8.8032 0.8888 0.0
10.0608 0.0 0.0
11.3184 0.8888 0.0
12.576 0.0 0.0
13.8336 0.8888 0.0
15.0912 0.0 0.0
16.3488 0.8888 0.0
17.6064 0.0 0.0
18.864 0.8888 0.0
20.1216 0.0 0.0
21.3792 0.8888 0.0
22.6368 0.0 0.0
23.8944 0.8888 0.0
-0.89 0.6291 0.0
0.0 -0.6291 0.89
0.0 -0.6291 -0.89
1.2576 1.5179 0.89
1.2576 1.5179 -0.89
2.5152 -0.6291 0.89
2.5152 -0.6291 -0.89
3.7728 1.5179 0.89
3.7728 1.5179 -0.89
5.0304 -0.6291 0.89
5.0304 -0.6291 -0.89
6.288 1.5179 0.89
6.288 1.5179 -0.89
7.5456 -0.6291 0.89
7.5456 -0.6291 -0.89
8.8032 1.5179 0.89
8.8032 1.5179 -0.89
10.0608 -0.6291 0.89
10.0608 -0.6291 -0.89
11.3184 1.5179 0.89
11.3184 1.5179 -0.89
12.576 -0.6291 0.89
12.576 -0.6291 -0.89
13.8336 1.5179 0.89
13.8336 1.5179 -0.89
15.0912 -0.6291 0.89
15.0912 -0.6291 -0.89
16.3488 1.5179 0.89
16.3488 1.5179 -0.89
17.6064 -0.6291 0.89
17.6064 -0.6291 -0.89
18.864 1.5179 0.89
18.864 1.5179 -0.89
20.1216 -0.6291 0.89
20.1216 -0.6291 -0.89
21.3792 1.5179 0.89
21.3792 1.5179 -0.89
22.6368 -0.6291 0.89
22.6368 -0.6291 -0.89
24.7844 1.5179 0.0
23.8944 0.25970000000000004 0.89
23.8944 0.25970000000000004 -0.89