32 0 31 31
0.0 0.0 0.0
1.2576 0.8888 0.0
2.5152 0.0 0.0
3.7728 0.8888 0.0
5.0304 0.0 0.0
6.288 0.8888 0.0
7.5456 0.0 0.0
8.8032 0.8888 0.0
10.0608 0.0 0.0
11.3184 0.8888 0.0
-0.89 0.6291 0.0
0.0 -0.6291 0.89
0.0 -0.6291 -0.89
1.2576 1.5179 0.89
1.2576 1.5179 -0.89
2.5152 -0.6291 0.89
2.5152 -0.6291 -0.89
3.7728 1.5179 0.89
3.7728 1.5179 -0.89
5.0304 -0.6291 0.89
5.0304 -0.6291 -0.89
6.288 1.5179 0.89
6.288 1.5179 -0.89
7.5456 -0.6291 0.89
7.5456 -0.6291 -0.89
8.8032 1.5179 0.89
8.8032 1.5179 -0.89
10.0608 -0.6291 0.89
10.0608 -0.6291 -0.89
12.2084 1.5179 0.0
11.3184 0.2597 0.89
11.3184 0.2597 -0.89