602 0 601 601
0.0 0.0 0.0
1.2576 0.8888 0.0
2.5152 0.0 0.0
3.7728 0.8888 0.0
5.0304 0.0 0.0
6.288 0.8888 0.0
7.5456 0.0 0.0
8.8032 0.8888 0.0
10.0608 0.0 0.0
11.3184 0.8888 0.0
12.576 0.0 0.0
13.8336 0.8888 0.0
15.0912 0.0 0.0
16.3488 0.8888 0.0
17.6064 0.0 0.0
18.864 0.8888 0.0
20.1216 0.0 0.0
21.3792 0.8888 0.0
22.6368 0.0 0.0
23.8944 0.8888 0.0
25.152 0.0 0.0
26.4096 0.8888 0.0
27.6672 0.0 0.0
28.9248 0.8888 0.0
30.1824 0.0 0.0
31.44 0.8888 0.0
32.6976 0.0 0.0
33.9552 0.8888 0.0
35.2128 0.0 0.0
36.4704 0.8888 0.0
37.728 0.0 0.0
38.9856 0.8888 0.0
40.2432 0.0 0.0
41.5008 0.8888 0.0
42.7584 0.0 0.0
44.016 0.8888 0.0
45.2736 0.0 0.0
46.5312 0.8888 0.0
47.7888 0.0 0.0
49.0464 0.8888 0.0
50.304 0.0 0.0
51.5616 0.8888 0.0
52.8192 0.0 0.0
54.0768 0.8888 0.0
55.3344 0.0 0.0
56.592 0.8888 0.0
57.8496 0.0 0.0
59.1072 0.8888 0.0
60.3648 0.0 0.0
61.6224 0.8888 0.0
62.88 0.0 0.0
64.1376 0.8888 0.0
65.3952 0.0 0.0
66.6528 0.8888 0.0
67.9104 0.0 0.0
69.168 0.8888 0.0
70.4256 0.0 0.0
71.6832 0.8888 0.0
72.9408 0.0 0.0
74.1984 0.8888 0.0
75.456 0.0 0.0
76.7136 0.8888 0.0
77.9712 0.0 0.0
79.2288 0.8888 0.0
80.4864 0.0 0.0
81.744 0.8888 0.0
83.0016 0.0 0.0
84.2592 0.8888 0.0
85.5168 0.0 0.0
86.7744 0.8888 0.0
88.032 0.0 0.0
89.2896 0.8888 0.0
90.5472 0.0 0.0
91.8048 0.8888 0.0
93.0624 0.0 0.0
94.32 0.8888 0.0
95.5776 0.0 0.0
96.8352 0.8888 0.0
98.0928 0.0 0.0
99.3504 0.8888 0.0
100.608 0.0 0.0
101.8656 0.8888 0.0
103.1232 0.0 0.0
104.3808 0.8888 0.0
105.6384 0.0 0.0
106.896 0.8888 0.0
108.1536 0.0 0.0
109.4112 0.8888 0.0
110.6688 0.0 0.0
111.9264 0.8888 0.0
113.184 0.0 0.0
114.4416 0.8888 0.0
115.6992 0.0 0.0
116.9568 0.8888 0.0
118.2144 0.0 0.0
119.472 0.8888 0.0
120.7296 0.0 0.0
121.9872 0.8888 0.0
123.2448 0.0 0.0
124.5024 0.8888 0.0
125.76 0.0 0.0
127.0176 0.8888 0.0
128.2752 0.0 0.0
129.5328 0.8888 0.0
130.7904 0.0 0.0
132.048 0.8888 0.0
133.3056 0.0 0.0
134.5632 0.8888 0.0
135.8208 0.0 0.0
137.0784 0.8888 0.0
138.336 0.0 0.0
139.5936 0.8888 0.0
140.8512 0.0 0.0
142.1088 0.8888 0.0
143.3664 0.0 0.0
144.624 0.8888 0.0
145.8816 0.0 0.0
147.1392 0.8888 0.0
148.3968 0.0 0.0
149.6544 0.8888 0.0
150.912 0.0 0.0
152.1696 0.8888 0.0
153.4272 0.0 0.0
154.6848 0.8888 0.0
155.9424 0.0 0.0
157.2 0.8888 0.0
158.4576 0.0 0.0
159.7152 0.8888 0.0
160.9728 0.0 0.0
162.2304 0.8888 0.0
163.488 0.0 0.0
164.7456 0.8888 0.0
166.0032 0.0 0.0
167.2608 0.8888 0.0
168.5184 0.0 0.0
169.776 0.8888 0.0
171.0336 0.0 0.0
172.2912 0.8888 0.0
173.5488 0.0 0.0
174.8064 0.8888 0.0
176.064 0.0 0.0
177.3216 0.8888 0.0
178.5792 0.0 0.0
179.8368 0.8888 0.0
181.0944 0.0 0.0
182.352 0.8888 0.0
183.6096 0.0 0.0
184.8672 0.8888 0.0
186.1248 0.0 0.0
187.3824 0.8888 0.0
188.64 0.0 0.0
189.8976 0.8888 0.0
191.1552 0.0 0.0
192.4128 0.8888 0.0
193.6704 0.0 0.0
194.928 0.8888 0.0
196.1856 0.0 0.0
197.4432 0.8888 0.0
198.7008 0.0 0.0
199.9584 0.8888 0.0
201.216 0.0 0.0
202.4736 0.8888 0.0
203.7312 0.0 0.0
204.9888 0.8888 0.0
206.2464 0.0 0.0
207.504 0.8888 0.0
208.7616 0.0 0.0
210.0192 0.8888 0.0
211.2768 0.0 0.0
212.5344 0.8888 0.0
213.792 0.0 0.0
215.0496 0.8888 0.0
216.3072 0.0 0.0
217.5648 0.8888 0.0
218.8224 0.0 0.0
220.08 0.8888 0.0
221.3376 0.0 0.0
222.5952 0.8888 0.0
223.8528 0.0 0.0
225.1104 0.8888 0.0
226.368 0.0 0.0
227.6256 0.8888 0.0
228.8832 0.0 0.0
230.1408 0.8888 0.0
231.3984 0.0 0.0
232.656 0.8888 0.0
233.9136 0.0 0.0
235.1712 0.8888 0.0
236.4288 0.0 0.0
237.6864 0.8888 0.0
238.944 0.0 0.0
240.2016 0.8888 0.0
241.4592 0.0 0.0
242.7168 0.8888 0.0
243.9744 0.0 0.0
245.232 0.8888 0.0
246.4896 0.0 0.0
247.7472 0.8888 0.0
249.0048 0.0 0.0
250.2624 0.8888 0.0
-0.89 0.6291 0.0
0.0 -0.6291 0.89
0.0 -0.6291 -0.89
1.2576 1.5179 0.89
1.2576 1.5179 -0.89
2.5152 -0.6291 0.89
2.5152 -0.6291 -0.89
3.7728 1.5179 0.89
3.7728 1.5179 -0.89
5.0304 -0.6291 0.89
5.0304 -0.6291 -0.89
6.288 1.5179 0.89
6.288 1.5179 -0.89
7.5456 -0.6291 0.89
7.5456 -0.6291 -0.89
8.8032 1.5179 0.89
8.8032 1.5179 -0.89
10.0608 -0.6291 0.89
10.0608 -0.6291 -0.89
11.3184 1.5179 0.89
11.3184 1.5179 -0.89
12.576 -0.6291 0.89
12.576 -0.6291 -0.89
13.8336 1.5179 0.89
13.8336 1.5179 -0.89
15.0912 -0.6291 0.89
15.0912 -0.6291 -0.89
16.3488 1.5179 0.89
16.3488 1.5179 -0.89
17.6064 -0.6291 0.89
17.6064 -0.6291 -0.89
18.864 1.5179 0.89
18.864 1.5179 -0.89
20.1216 -0.6291 0.89
20.1216 -0.6291 -0.89
21.3792 1.5179 0.89
21.3792 1.5179 -0.89
22.6368 -0.6291 0.89
22.6368 -0.6291 -0.89
23.8944 1.5179 0.89
23.8944 1.5179 -0.89
25.152 -0.6291 0.89
25.152 -0.6291 -0.89
26.4096 1.5179 0.89
26.4096 1.5179 -0.89
27.6672 -0.6291 0.89
27.6672 -0.6291 -0.89
28.9248 1.5179 0.89
28.9248 1.5179 -0.89
30.1824 -0.6291 0.89
30.1824 -0.6291 -0.89
31.44 1.5179 0.89
31.44 1.5179 -0.89
32.6976 -0.6291 0.89
32.6976 -0.6291 -0.89
33.9552 1.5179 0.89
33.9552 1.5179 -0.89
35.2128 -0.6291 0.89
35.2128 -0.6291 -0.89
36.4704 1.5179 0.89
36.4704 1.5179 -0.89
37.728 -0.6291 0.89
37.728 -0.6291 -0.89
38.9856 1.5179 0.89
38.9856 1.5179 -0.89
40.2432 -0.6291 0.89
40.2432 -0.6291 -0.89
41.5008 1.5179 0.89
41.5008 1.5179 -0.89
42.7584 -0.6291 0.89
42.7584 -0.6291 -0.89
44.016 1.5179 0.89
44.016 1.5179 -0.89
45.2736 -0.6291 0.89
45.2736 -0.6291 -0.89
46.5312 1.5179 0.89
46.5312 1.5179 -0.89
47.7888 -0.6291 0.89
47.7888 -0.6291 -0.89
49.0464 1.5179 0.89
49.0464 1.5179 -0.89
50.304 -0.6291 0.89
50.304 -0.6291 -0.89
51.5616 1.5179 0.89
51.5616 1.5179 -0.89
52.8192 -0.6291 0.89
52.8192 -0.6291 -0.89
54.0768 1.5179 0.89
54.0768 1.5179 -0.89
55.3344 -0.6291 0.89
55.3344 -0.6291 -0.89
56.592 1.5179 0.89
56.592 1.5179 -0.89
57.8496 -0.6291 0.89
57.8496 -0.6291 -0.89
59.1072 1.5179 0.89
59.1072 1.5179 -0.89
60.3648 -0.6291 0.89
60.3648 -0.6291 -0.89
61.6224 1.5179 0.89
61.6224 1.5179 -0.89
62.88 -0.6291 0.89
62.88 -0.6291 -0.89
64.1376 1.5179 0.89
64.1376 1.5179 -0.89
65.3952 -0.6291 0.89
65.3952 -0.6291 -0.89
66.6528 1.5179 0.89
66.6528 1.5179 -0.89
67.9104 -0.6291 0.89
67.9104 -0.6291 -0.89
69.168 1.5179 0.89
69.168 1.5179 -0.89
70.4256 -0.6291 0.89
70.4256 -0.6291 -0.89
71.6832 1.5179 0.89
71.6832 1.5179 -0.89
72.9408 -0.6291 0.89
72.9408 -0.6291 -0.89
74.1984 1.5179 0.89
74.1984 1.5179 -0.89
75.456 -0.6291 0.89
75.456 -0.6291 -0.89
76.7136 1.5179 0.89
76.7136 1.5179 -0.89
77.9712 -0.6291 0.89
77.9712 -0.6291 -0.89
79.2288 1.5179 0.89
79.2288 1.5179 -0.89
80.4864 -0.6291 0.89
80.4864 -0.6291 -0.89
81.744 1.5179 0.89
81.744 1.5179 -0.89
83.0016 -0.6291 0.89
83.0016 -0.6291 -0.89
84.2592 1.5179 0.89
84.2592 1.5179 -0.89
85.5168 -0.6291 0.89
85.5168 -0.6291 -0.89
86.7744 1.5179 0.89
86.7744 1.5179 -0.89
88.032 -0.6291 0.89
88.032 -0.6291 -0.89
89.2896 1.5179 0.89
89.2896 1.5179 -0.89
90.5472 -0.6291 0.89
90.5472 -0.6291 -0.89
91.8048 1.5179 0.89
91.8048 1.5179 -0.89
93.0624 -0.6291 0.89
93.0624 -0.6291 -0.89
94.32 1.5179 0.89
94.32 1.5179 -0.89
95.5776 -0.6291 0.89
95.5776 -0.6291 -0.89
96.8352 1.5179 0.89
96.8352 1.5179 -0.89
98.0928 -0.6291 0.89
98.0928 -0.6291 -0.89
99.3504 1.5179 0.89
99.3504 1.5179 -0.89
100.608 -0.6291 0.89
100.608 -0.6291 -0.89
101.8656 1.5179 0.89
101.8656 1.5179 -0.89
103.1232 -0.6291 0.89
103.1232 -0.6291 -0.89
104.3808 1.5179 0.89
104.3808 1.5179 -0.89
105.6384 -0.6291 0.89
105.6384 -0.6291 -0.89
106.896 1.5179 0.89
106.896 1.5179 -0.89
108.1536 -0.6291 0.89
108.1536 -0.6291 -0.89
109.4112 1.5179 0.89
109.4112 1.5179 -0.89
110.6688 -0.6291 0.89
110.6688 -0.6291 -0.89
111.9264 1.5179 0.89
111.9264 1.5179 -0.89
113.184 -0.6291 0.89
113.184 -0.6291 -0.89
114.4416 1.5179 0.89
114.4416 1.5179 -0.89
115.6992 -0.6291 0.89
115.6992 -0.6291 -0.89
116.9568 1.5179 0.89
116.9568 1.5179 -0.89
118.2144 -0.6291 0.89
118.2144 -0.6291 -0.89
119.472 1.5179 0.89
119.472 1.5179 -0.89
120.7296 -0.6291 0.89
120.7296 -0.6291 -0.89
121.9872 1.5179 0.89
121.9872 1.5179 -0.89
123.2448 -0.6291 0.89
123.2448 -0.6291 -0.89
124.5024 1.5179 0.89
124.5024 1.5179 -0.89
125.76 -0.6291 0.89
125.76 -0.6291 -0.89
127.0176 1.5179 0.89
127.0176 1.5179 -0.89
128.2752 -0.6291 0.89
128.2752 -0.6291 -0.89
129.5328 1.5179 0.89
129.5328 1.5179 -0.89
130.7904 -0.6291 0.89
130.7904 -0.6291 -0.89
132.048 1.5179 0.89
132.048 1.5179 -0.89
133.3056 -0.6291 0.89
133.3056 -0.6291 -0.89
134.5632 1.5179 0.89
134.5632 1.5179 -0.89
135.8208 -0.6291 0.89
135.8208 -0.6291 -0.89
137.0784 1.5179 0.89
137.0784 1.5179 -0.89
138.336 -0.6291 0.89
138.336 -0.6291 -0.89
139.5936 1.5179 0.89
139.5936 1.5179 -0.89
140.8512 -0.6291 0.89
140.8512 -0.6291 -0.89
142.1088 1.5179 0.89
142.1088 1.5179 -0.89
143.3664 -0.6291 0.89
143.3664 -0.6291 -0.89
144.624 1.5179 0.89
144.624 1.5179 -0.89
145.8816 -0.6291 0.89
145.8816 -0.6291 -0.89
147.1392 1.5179 0.89
147.1392 1.5179 -0.89
148.3968 -0.6291 0.89
148.3968 -0.6291 -0.89
149.6544 1.5179 0.89
149.6544 1.5179 -0.89
150.912 -0.6291 0.89
150.912 -0.6291 -0.89
152.1696 1.5179 0.89
152.1696 1.5179 -0.89
153.4272 -0.6291 0.89
153.4272 -0.6291 -0.89
154.6848 1.5179 0.89
154.6848 1.5179 -0.89
155.9424 -0.6291 0.89
155.9424 -0.6291 -0.89
157.2 1.5179 0.89
157.2 1.5179 -0.89
158.4576 -0.6291 0.89
158.4576 -0.6291 -0.89
159.7152 1.5179 0.89
159.7152 1.5179 -0.89
160.9728 -0.6291 0.89
160.9728 -0.6291 -0.89
162.2304 1.5179 0.89
162.2304 1.5179 -0.89
163.488 -0.6291 0.89
163.488 -0.6291 -0.89
164.7456 1.5179 0.89
164.7456 1.5179 -0.89
166.0032 -0.6291 0.89
166.0032 -0.6291 -0.89
167.2608 1.5179 0.89
167.2608 1.5179 -0.89
168.5184 -0.6291 0.89
168.5184 -0.6291 -0.89
169.776 1.5179 0.89
169.776 1.5179 -0.89
171.0336 -0.6291 0.89
171.0336 -0.6291 -0.89
172.2912 1.5179 0.89
172.2912 1.5179 -0.89
173.5488 -0.6291 0.89
173.5488 -0.6291 -0.89
174.8064 1.5179 0.89
174.8064 1.5179 -0.89
176.064 -0.6291 0.89
176.064 -0.6291 -0.89
177.3216 1.5179 0.89
177.3216 1.5179 -0.89
178.5792 -0.6291 0.89
178.5792 -0.6291 -0.89
179.8368 1.5179 0.89
179.8368 1.5179 -0.89
181.0944 -0.6291 0.89
181.0944 -0.6291 -0.89
182.352 1.5179 0.89
182.352 1.5179 -0.89
183.6096 -0.6291 0.89
183.6096 -0.6291 -0.89
184.8672 1.5179 0.89
184.8672 1.5179 -0.89
186.1248 -0.6291 0.89
186.1248 -0.6291 -0.89
187.3824 1.5179 0.89
187.3824 1.5179 -0.89
188.64 -0.6291 0.89
188.64 -0.6291 -0.89
189.8976 1.5179 0.89
189.8976 1.5179 -0.89
191.1552 -0.6291 0.89
191.1552 -0.6291 -0.89
192.4128 1.5179 0.89
192.4128 1.5179 -0.89
193.6704 -0.6291 0.89
193.6704 -0.6291 -0.89
194.928 1.5179 0.89
194.928 1.5179 -0.89
196.1856 -0.6291 0.89
196.1856 -0.6291 -0.89
197.4432 1.5179 0.89
197.4432 1.5179 -0.89
198.7008 -0.6291 0.89
198.7008 -0.6291 -0.89
199.9584 1.5179 0.89
199.9584 1.5179 -0.89
201.216 -0.6291 0.89
201.216 -0.6291 -0.89
202.4736 1.5179 0.89
202.4736 1.5179 -0.89
203.7312 -0.6291 0.89
203.7312 -0.6291 -0.89
204.9888 1.5179 0.89
204.9888 1.5179 -0.89
206.2464 -0.6291 0.89
206.2464 -0.6291 -0.89
207.504 1.5179 0.89
207.504 1.5179 -0.89
208.7616 -0.6291 0.89
208.7616 -0.6291 -0.89
210.0192 1.5179 0.89
210.0192 1.5179 -0.89
211.2768 -0.6291 0.89
211.2768 -0.6291 -0.89
212.5344 1.5179 0.89
212.5344 1.5179 -0.89
213.792 -0.6291 0.89
213.792 -0.6291 -0.89
215.0496 1.5179 0.89
215.0496 1.5179 -0.89
216.3072 -0.6291 0.89
216.3072 -0.6291 -0.89
217.5648 1.5179 0.89
217.5648 1.5179 -0.89
218.8224 -0.6291 0.89
218.8224 -0.6291 -0.89
220.08 1.5179 0.89
220.08 1.5179 -0.89
221.3376 -0.6291 0.89
221.3376 -0.6291 -0.89
222.5952 1.5179 0.89
222.5952 1.5179 -0.89
223.8528 -0.6291 0.89
223.8528 -0.6291 -0.89
225.1104 1.5179 0.89
225.1104 1.5179 -0.89
226.368 -0.6291 0.89
226.368 -0.6291 -0.89
227.6256 1.5179 0.89
227.6256 1.5179 -0.89
228.8832 -0.6291 0.89
228.8832 -0.6291 -0.89
230.1408 1.5179 0.89
230.1408 1.5179 -0.89
231.3984 -0.6291 0.89
231.3984 -0.6291 -0.89
232.656 1.5179 0.89
232.656 1.5179 -0.89
233.9136 -0.6291 0.89
233.9136 -0.6291 -0.89
235.1712 1.5179 0.89
235.1712 1.5179 -0.89
236.4288 -0.6291 0.89
236.4288 -0.6291 -0.89
237.6864 1.5179 0.89
237.6864 1.5179 -0.89
238.944 -0.6291 0.89
238.944 -0.6291 -0.89
240.2016 1.5179 0.89
240.2016 1.5179 -0.89
241.4592 -0.6291 0.89
241.4592 -0.6291 -0.89
242.7168 1.5179 0.89
242.7168 1.5179 -0.89
243.9744 -0.6291 0.89
243.9744 -0.6291 -0.89
245.232 1.5179 0.89
245.232 1.5179 -0.89
246.4896 -0.6291 0.89
246.4896 -0.6291 -0.89
247.7472 1.5179 0.89
247.7472 1.5179 -0.89
249.0048 -0.6291 0.89
249.0048 -0.6291 -0.89
251.1524 1.5179 0.0
250.2624 0.25970000000000004 0.89
250.2624 0.25970000000000004 -0.89