152 0 151 151
0.0 0.0 0.0
1.2576 0.8888 0.0
2.5152 0.0 0.0
3.7728 0.8888 0.0
5.0304 0.0 0.0
6.288 0.8888 0.0
7.5456 0.0 0.0
8.8032 0.8888 0.0
10.0608 0.0 0.0
11.3184 0.8888 0.0
12.576 0.0 0.0
13.8336 0.8888 0.0
15.0912 0.0 0.0
16.3488 0.8888 0.0
17.6064 0.0 0.0
18.864 0.8888 0.0
20.1216 0.0 0.0
21.3792 0.8888 0.0
22.6368 0.0 0.0
23.8944 0.8888 0.0
25.152 0.0 0.0
26.4096 0.8888 0.0
27.6672 0.0 0.0
28.9248 0.8888 0.0
30.1824 0.0 0.0
31.44 0.8888 0.0
32.6976 0.0 0.0
33.9552 0.8888 0.0
35.2128 0.0 0.0
36.4704 0.8888 0.0
37.728 0.0 0.0
38.9856 0.8888 0.0
40.2432 0.0 0.0
41.5008 0.8888 0.0
42.7584 0.0 0.0
44.016 0.8888 0.0
45.2736 0.0 0.0
46.5312 0.8888 0.0
47.7888 0.0 0.0
49.0464 0.8888 0.0
50.304 0.0 0.0
51.5616 0.8888 0.0
52.8192 0.0 0.0
54.0768 0.8888 0.0
55.3344 0.0 0.0
56.592 0.8888 0.0
57.8496 0.0 0.0
59.1072 0.8888 0.0
60.3648 0.0 0.0
61.6224 0.8888 0.0
-0.89 0.6291 0.0
0.0 -0.6291 0.89
0.0 -0.6291 -0.89
1.2576 1.5179 0.89
1.2576 1.5179 -0.89
2.5152 -0.6291 0.89
2.5152 -0.6291 -0.89
3.7728 1.5179 0.89
3.7728 1.5179 -0.89
5.0304 -0.6291 0.89
5.0304 -0.6291 -0.89
6.288 1.5179 0.89
6.288 1.5179 -0.89
7.5456 -0.6291 0.89
7.5456 -0.6291 -0.89
8.8032 1.5179 0.89
8.8032 1.5179 -0.89
10.0608 -0.6291 0.89
10.0608 -0.6291 -0.89
11.3184 1.5179 0.89
11.3184 1.5179 -0.89
12.576 -0.6291 0.89
12.576 -0.6291 -0.89
13.8336 1.5179 0.89
13.8336 1.5179 -0.89
15.0912 -0.6291 0.89
15.0912 -0.6291 -0.89
16.3488 1.5179 0.89
16.3488 1.5179 -0.89
17.6064 -0.6291 0.89
17.6064 -0.6291 -0.89
18.864 1.5179 0.89
18.864 1.5179 -0.89
20.1216 -0.6291 0.89
20.1216 -0.6291 -0.89
21.3792 1.5179 0.89
21.3792 1.5179 -0.89
22.6368 -0.6291 0.89
22.6368 -0.6291 -0.89
23.8944 1.5179 0.89
23.8944 1.5179 -0.89
25.152 -0.6291 0.89
25.152 -0.6291 -0.89
26.4096 1.5179 0.89
26.4096 1.5179 -0.89
27.6672 -0.6291 0.89
27.6672 -0.6291 -0.89
28.9248 1.5179 0.89
28.9248 1.5179 -0.89
30.1824 -0.6291 0.89
30.1824 -0.6291 -0.89
31.44 1.5179 0.89
31.44 1.5179 -0.89
32.6976 -0.6291 0.89
32.6976 -0.6291 -0.89
33.9552 1.5179 0.89
33.9552 1.5179 -0.89
35.2128 -0.6291 0.89
35.2128 -0.6291 -0.89
36.4704 1.5179 0.89
36.4704 1.5179 -0.89
37.728 -0.6291 0.89
37.728 -0.6291 -0.89
38.9856 1.5179 0.89
38.9856 1.5179 -0.89
40.2432 -0.6291 0.89
40.2432 -0.6291 -0.89
41.5008 1.5179 0.89
41.5008 1.5179 -0.89
42.7584 -0.6291 0.89
42.7584 -0.6291 -0.89
44.016 1.5179 0.89
44.016 1.5179 -0.89
45.2736 -0.6291 0.89
45.2736 -0.6291 -0.89
46.5312 1.5179 0.89
46.5312 1.5179 -0.89
47.7888 -0.6291 0.89
47.7888 -0.6291 -0.89
49.0464 1.5179 0.89
49.0464 1.5179 -0.89
50.304 -0.6291 0.89
50.304 -0.6291 -0.89
51.5616 1.5179 0.89
51.5616 1.5179 -0.89
52.8192 -0.6291 0.89
52.8192 -0.6291 -0.89
54.0768 1.5179 0.89
54.0768 1.5179 -0.89
55.3344 -0.6291 0.89
55.3344 -0.6291 -0.89
56.592 1.5179 0.89
56.592 1.5179 -0.89
57.8496 -0.6291 0.89
57.8496 -0.6291 -0.89
59.1072 1.5179 0.89
59.1072 1.5179 -0.89
60.3648 -0.6291 0.89
60.3648 -0.6291 -0.89
62.5124 1.5179 0.0
61.6224 0.2597 0.89
61.6224 0.2597 -0.89